



EAST CENTRAL RAILWAY                    DIVISIONAL CASH PAY OFFICE      ECR MUGHALSARAI
PAY MASTER/SR.DC's Balance Register for :          30-03-2013

---------------------------------------------------------------------------------------------------------------------------------
CO7     Net Payab   Cashier     OB           Debit       Total        Credit      CB          Dues with  
        le Amount   No.                                                                       Sr. DC     
---------------------------------------------------------------------------------------------------------------------------------
DFM    |           |          3|66899118.00|          0|66899118.00|          0|66899118.00|   49804.00|
Total  |       0.00|          6|27572428.00|          0|27572428.00|          0|27572428.00|-1523021.00|
PD     |           |          7|37538340.00|          0|37538340.00|          0|37538340.00| 1542832.00|
030062 |       0.00|         10|70118686.00|          0|70118686.00|          0|70118686.00|  149519.00|
040173 |  202501.00|         16|63186554.00|          0|63186554.00|          0|63186554.00|  433421.00|
080110 |       0.00|          8|47439171.00|          0|47439171.00|          0|47439171.00|   44872.00|
040117 |    7500.00|          1|94504130.00|  300001.00|94804131.00|          0|94804131.00| 1282841.00|
040170 |   90000.00|          4|83848821.00|       0.00|83848821.00|          0|83848821.00|   58835.00|
100049 |       0.00|         12|       0.00|          0|       0.00|          0|       0.00|       0.00|
080109 |       0.00|         14|40745437.00|          0|40745437.00|          0|40745437.00|       0.00|
030064 |       0.00|-------------------------------------------------------------------------------------
060135 |       0.00|Grand Total|531852685.00|  300001.00|532152686.00|          0|532152686.00| 2039103.00|
040174 |       0.00|           
060133 |       0.00|           
060134 |       0.00|           
040176 |       0.00|DFM        |PD         |Hajipur    |Total      |
Total  |  300001.00|------------------------------------------------
Hajipur|           |480260095.00|51589040.00|    3550.00| 531852685.00|
Total  |       0.00|       0.00|  300001.00|       0.00|   300001.00|
480260095.00|51889041.00|    3550.00| 532152686.00|
       0.00|       0.00|       0.00|        0.00|
480260095.00|51889041.00|    3550.00| 532152686.00|
















